Store,Cat,Date,Margin,Sales,Profit,COGs,Month,Year
1,1,2018-01-01,0.5432,24924.5,13538.99,11385.51,January,2018
1,1,2018-02-01,0.5432,46039.49,25008.65,21030.84,February,2018
1,1,2018-03-01,0.5432,41595.55,22594.7,19000.85,March,2018
1,1,2017-04-01,0.5432,19403.54,10540.0,8863.54,April,2017
1,1,2018-04-01,0.5432,19403.54,10540.0,8863.54,April,2018
1,1,2017-05-01,0.5432,21827.9,11856.92,9970.98,May,2017
1,1,2018-05-01,0.5432,21827.9,11856.92,9970.98,May,2018
1,1,2017-06-01,0.5432,21043.39,11430.77,9612.62,June,2017
1,1,2018-06-01,0.5432,21043.39,11430.77,9612.62,June,2018
1,1,2017-07-01,0.5432,22136.64,12024.62,10112.02,July,2017
1,1,2018-07-01,0.5432,22136.64,12024.62,10112.02,July,2018
1,1,2017-08-01,0.5432,26229.21,14247.71,11981.5,August,2017
1,1,2018-08-01,0.5432,26229.21,14247.71,11981.5,August,2018
1,1,2017-09-01,0.5432,57258.43,31102.78,26155.65,September,2017
1,1,2018-09-01,0.5432,57258.43,31102.78,26155.65,September,2018
1,1,2017-10-01,0.5432,42960.91,23336.37,19624.54,October,2017
1,1,2018-10-01,0.5432,42960.91,23336.37,19624.54,October,2018
1,1,2017-11-01,0.5432,17596.96,9558.67,8038.29,November,2017
1,1,2018-11-01,0.5432,17596.96,9558.67,8038.29,November,2018
1,1,2017-12-01,0.5432,16145.35,8770.15,7375.2,December,2017
1,1,2018-12-01,0.5432,16145.35,8770.15,7375.2,December,2018
1,1,2017-01-01,0.5432,357161.87,194010.33,163151.54,January,2017
1,1,2018-01-01,0.5432,357161.87,194010.33,163151.54,January,2018
1,2,2017-01-01,0.5542,50605.27,28045.44,22559.83,January,2017
1,2,2018-01-01,0.5542,50605.27,28045.44,22559.83,January,2018
1,2,2017-02-01,0.5542,44682.74,24763.17,19919.57,February,2017
1,2,2018-02-01,0.5542,44682.74,24763.17,19919.57,February,2018
1,2,2017-03-01,0.5542,47928.89,26562.19,21366.7,March,2017
1,2,2018-03-01,0.5542,47928.89,26562.19,21366.7,March,2018
1,2,2017-04-01,0.5542,44292.87,24547.11,19745.76,April,2017
1,2,2018-04-01,0.5542,44292.87,24547.11,19745.76,April,2018
1,2,2017-05-01,0.5542,48397.98,26822.16,21575.82,May,2017
1,2,2018-05-01,0.5542,48397.98,26822.16,21575.82,May,2018
1,2,2017-06-01,0.5542,43751.94,24247.33,19504.61,June,2017
1,2,2018-06-01,0.5542,43751.94,24247.33,19504.61,June,2018
1,2,2017-07-01,0.5542,43615.49,24171.7,19443.79,July,2017
1,2,2018-07-01,0.5542,43615.49,24171.7,19443.79,July,2018
1,2,2017-08-01,0.5542,41892.55,23216.85,18675.7,August,2017
1,2,2018-08-01,0.5542,41892.55,23216.85,18675.7,August,2018
1,2,2017-09-01,0.5542,47450.5,26297.07,21153.43,September,2017
1,2,2018-09-01,0.5542,47450.5,26297.07,21153.43,September,2018
1,2,2017-10-01,0.5542,46549.73,25797.86,20751.87,October,2017
1,2,2018-10-01,0.5542,46549.73,25797.86,20751.87,October,2018
1,2,2017-11-01,0.5542,45025.02,24952.87,20072.15,November,2017
1,2,2018-11-01,0.5542,45025.02,24952.87,20072.15,November,2018
1,2,2017-12-01,0.5542,44418.11,24616.52,19801.59,December,2017
1,2,2018-12-01,0.5542,44418.11,24616.52,19801.59,December,2018
1,2,2017-01-01,0.5542,548611.09,304040.27,244570.82,January,2017
1,2,2018-01-01,0.5542,548611.09,304040.27,244570.82,January,2018
1,3,2017-01-01,0.5212,13740.12,7161.35,6578.77,January,2017
1,3,2018-01-01,0.5212,13740.12,7161.35,6578.77,January,2018
1,3,2017-02-01,0.5212,10887.84,5674.74,5213.1,February,2017
1,3,2018-02-01,0.5212,10887.84,5674.74,5213.1,February,2018
1,3,2017-03-01,0.5212,11523.47,6006.03,5517.44,March,2017
1,3,2018-03-01,0.5212,11523.47,6006.03,5517.44,March,2018
1,3,2017-04-01,0.5212,11135.17,5803.65,5331.52,April,2017
1,3,2018-04-01,0.5212,11135.17,5803.65,5331.52,April,2018
1,3,2017-05-01,0.5212,12275.58,6398.03,5877.55,May,2017
1,3,2018-05-01,0.5212,12275.58,6398.03,5877.55,May,2018
1,3,2017-06-01,0.5212,10123.45,5276.34,4847.11,June,2017
1,3,2018-06-01,0.5212,10123.45,5276.34,4847.11,June,2018
1,3,2017-07-01,0.5212,9001.37,4691.51,4309.86,July,2017
1,3,2018-07-01,0.5212,9001.37,4691.51,4309.86,July,2018
1,3,2017-08-01,0.5212,10366.85,5403.2,4963.65,August,2017
1,3,2018-08-01,0.5212,10366.85,5403.2,4963.65,August,2018
1,3,2017-09-01,0.5212,11157.08,5815.07,5342.01,September,2017
1,3,2018-09-01,0.5212,11157.08,5815.07,5342.01,September,2018
1,3,2017-10-01,0.5212,10179.29,5305.45,4873.84,October,2017
1,3,2018-10-01,0.5212,10179.29,5305.45,4873.84,October,2018
1,3,2017-11-01,0.5212,9226.8,4809.01,4417.79,November,2017
1,3,2018-11-01,0.5212,9226.8,4809.01,4417.79,November,2018
1,3,2017-12-01,0.5212,8868.93,4622.49,4246.44,December,2017
1,3,2018-12-01,0.5212,8868.93,4622.49,4246.44,December,2018
1,3,2017-01-01,0.5212,128485.95,66966.88,61519.07,January,2017
1,3,2018-01-01,0.5212,128485.95,66966.88,61519.07,January,2018
1,4,2017-01-01,0.5462,39954.04,21822.9,18131.14,January,2017
1,4,2018-01-01,0.5462,39954.04,21822.9,18131.14,January,2018
1,4,2017-02-01,0.5462,35351.21,19308.83,16042.38,February,2017
1,4,2018-02-01,0.5462,35351.21,19308.83,16042.38,February,2018
1,4,2017-03-01,0.5462,36826.95,20114.88,16712.07,March,2017
1,4,2018-03-01,0.5462,36826.95,20114.88,16712.07,March,2018
1,4,2017-04-01,0.5462,34660.16,18931.38,15728.78,April,2017
1,4,2018-04-01,0.5462,34660.16,18931.38,15728.78,April,2018
1,4,2017-05-01,0.5462,38086.19,20802.68,17283.51,May,2017
1,4,2018-05-01,0.5462,38086.19,20802.68,17283.51,May,2018
1,4,2017-06-01,0.5462,32668.67,17843.63,14825.04,June,2017
1,4,2018-06-01,0.5462,32668.67,17843.63,14825.04,June,2018
1,4,2017-07-01,0.5462,34118.11,18635.31,15482.8,July,2017
1,4,2018-07-01,0.5462,34118.11,18635.31,15482.8,July,2018
1,4,2017-08-01,0.5462,33872.07,18500.92,15371.15,August,2017
1,4,2018-08-01,0.5462,33872.07,18500.92,15371.15,August,2018
1,4,2017-09-01,0.5462,37809.49,20651.54,17157.95,September,2017
1,4,2018-09-01,0.5462,37809.49,20651.54,17157.95,September,2018
1,4,2017-10-01,0.5462,36174.43,19758.47,16415.96,October,2017
1,4,2018-10-01,0.5462,36174.43,19758.47,16415.96,October,2018
1,4,2017-11-01,0.5462,34740.19,18975.09,15765.1,November,2017
1,4,2018-11-01,0.5462,34740.19,18975.09,15765.1,November,2018
1,4,2017-12-01,0.5462,33806.71,18465.23,15341.48,December,2017
1,4,2018-12-01,0.5462,33806.71,18465.23,15341.48,December,2018
1,4,2017-01-01,0.5462,428068.22,233810.86,194257.36,January,2017
1,4,2018-01-01,0.5462,428068.22,233810.86,194257.36,January,2018
2,1,2017-01-01,0.5432,35034.06,19030.5,16003.56,January,2017
2,1,2018-01-01,0.5432,35034.06,19030.5,16003.56,January,2018
2,1,2017-02-01,0.5432,60483.7,32854.75,27628.95,February,2017
2,1,2018-02-01,0.5432,60483.7,32854.75,27628.95,February,2018
2,1,2017-03-01,0.5432,58221.52,31625.93,26595.59,March,2017
2,1,2018-03-01,0.5432,58221.52,31625.93,26595.59,March,2018
2,1,2017-04-01,0.5432,25962.32,14102.73,11859.59,April,2017
2,1,2018-04-01,0.5432,25962.32,14102.73,11859.59,April,2018
2,1,2017-05-01,0.5432,27372.05,14868.5,12503.55,May,2017
2,1,2018-05-01,0.5432,27372.05,14868.5,12503.55,May,2018
2,1,2017-06-01,0.5432,28660.87,15568.58,13092.29,June,2017
2,1,2018-06-01,0.5432,28660.87,15568.58,13092.29,June,2018
2,1,2017-07-01,0.5432,28446.92,15452.37,12994.55,July,2017
2,1,2018-07-01,0.5432,28446.92,15452.37,12994.55,July,2018
2,1,2017-08-01,0.5432,32213.99,17498.64,14715.35,August,2017
2,1,2018-08-01,0.5432,32213.99,17498.64,14715.35,August,2018
2,1,2017-09-01,0.5432,82766.07,44958.53,37807.54,September,2017
2,1,2018-09-01,0.5432,82766.07,44958.53,37807.54,September,2018
2,1,2017-10-01,0.5432,66560.0,36155.39,30404.61,October,2017
2,1,2018-10-01,0.5432,66560.0,36155.39,30404.61,October,2018
2,1,2017-11-01,0.5432,21308.59,11574.83,9733.76,November,2017
2,1,2018-11-01,0.5432,21308.59,11574.83,9733.76,November,2018
2,1,2017-12-01,0.5432,22163.12,12039.01,10124.11,December,2017
2,1,2018-12-01,0.5432,22163.12,12039.01,10124.11,December,2018
2,1,2017-01-01,0.5432,489193.21,265729.75,223463.46,January,2017
2,1,2018-01-01,0.5432,489193.21,265729.75,223463.46,January,2018
2,2,2017-01-01,0.5542,74661.16,41377.21,33283.95,January,2017
2,2,2018-01-01,0.5542,74661.16,41377.21,33283.95,January,2018
2,2,2017-02-01,0.5542,65487.46,36293.15,29194.31,February,2017
2,2,2018-02-01,0.5542,65487.46,36293.15,29194.31,February,2018
2,2,2017-03-01,0.5542,70853.58,39267.05,31586.53,March,2017
2,2,2018-03-01,0.5542,70853.58,39267.05,31586.53,March,2018
2,2,2017-04-01,0.5542,64963.9,36002.99,28960.91,April,2017
2,2,2018-04-01,0.5542,64963.9,36002.99,28960.91,April,2018
2,2,2017-05-01,0.5542,68428.64,37923.15,30505.49,May,2017
2,2,2018-05-01,0.5542,68428.64,37923.15,30505.49,May,2018
2,2,2017-06-01,0.5542,66622.03,36921.93,29700.1,June,2017
2,2,2018-06-01,0.5542,66622.03,36921.93,29700.1,June,2018
2,2,2017-07-01,0.5542,64307.01,35638.94,28668.07,July,2017
2,2,2018-07-01,0.5542,64307.01,35638.94,28668.07,July,2018
2,2,2017-08-01,0.5542,59770.18,33124.63,26645.55,August,2017
2,2,2018-08-01,0.5542,59770.18,33124.63,26645.55,August,2018
2,2,2017-09-01,0.5542,68286.2,37844.21,30441.99,September,2017
2,2,2018-09-01,0.5542,68286.2,37844.21,30441.99,September,2018
2,2,2017-10-01,0.5542,64295.22,35632.41,28662.81,October,2017
2,2,2018-10-01,0.5542,64295.22,35632.41,28662.81,October,2018
2,2,2017-11-01,0.5542,65172.2,36118.43,29053.77,November,2017
2,2,2018-11-01,0.5542,65172.2,36118.43,29053.77,November,2018
2,2,2017-12-01,0.5542,66471.86,36838.7,29633.16,December,2017
2,2,2018-12-01,0.5542,66471.86,36838.7,29633.16,December,2018
2,2,2017-01-01,0.5542,799319.44,442982.83,356336.61,January,2017
2,2,2018-01-01,0.5542,799319.44,442982.83,356336.61,January,2018
2,3,2017-01-01,0.5212,16873.2,8794.31,8078.89,January,2017
2,3,2018-01-01,0.5212,16873.2,8794.31,8078.89,January,2018
2,3,2017-02-01,0.5212,13821.01,7203.51,6617.5,February,2017
2,3,2018-02-01,0.5212,13821.01,7203.51,6617.5,February,2018
2,3,2017-03-01,0.5212,14607.28,7613.31,6993.97,March,2017
2,3,2018-03-01,0.5212,14607.28,7613.31,6993.97,March,2018
2,3,2017-04-01,0.5212,15635.95,8149.46,7486.49,April,2017
2,3,2018-04-01,0.5212,15635.95,8149.46,7486.49,April,2018
2,3,2017-05-01,0.5212,14895.96,7763.77,7132.19,May,2017
2,3,2018-05-01,0.5212,14895.96,7763.77,7132.19,May,2018
2,3,2017-06-01,0.5212,13061.56,6807.69,6253.87,June,2017
2,3,2018-06-01,0.5212,13061.56,6807.69,6253.87,June,2018
2,3,2017-07-01,0.5212,10394.28,5417.5,4976.78,July,2017
2,3,2018-07-01,0.5212,10394.28,5417.5,4976.78,July,2018
2,3,2017-08-01,0.5212,12406.44,6466.24,5940.2,August,2017
2,3,2018-08-01,0.5212,12406.44,6466.24,5940.2,August,2018
2,3,2017-09-01,0.5212,13404.23,6986.28,6417.95,September,2017
2,3,2018-09-01,0.5212,13404.23,6986.28,6417.95,September,2018
2,3,2017-10-01,0.5212,12873.09,6709.45,6163.64,October,2017
2,3,2018-10-01,0.5212,12873.09,6709.45,6163.64,October,2018
2,3,2017-11-01,0.5212,11547.5,6018.56,5528.94,November,2017
2,3,2018-11-01,0.5212,11547.5,6018.56,5528.94,November,2018
2,3,2017-12-01,0.5212,11862.26,6182.61,5679.65,December,2017
2,3,2018-12-01,0.5212,11862.26,6182.61,5679.65,December,2018
2,3,2017-01-01,0.5212,161382.76,84112.69,77270.07,January,2017
2,3,2018-01-01,0.5212,161382.76,84112.69,77270.07,January,2018
2,4,2017-01-01,0.5462,47681.96,26043.89,21638.07,January,2017
2,4,2018-01-01,0.5462,47681.96,26043.89,21638.07,January,2018
2,4,2017-02-01,0.5462,44197.95,24140.92,20057.03,February,2017
2,4,2018-02-01,0.5462,44197.95,24140.92,20057.03,February,2018
2,4,2017-03-01,0.5462,46131.14,25196.83,20934.31,March,2017
2,4,2018-03-01,0.5462,46131.14,25196.83,20934.31,March,2018
2,4,2017-04-01,0.5462,42126.71,23009.61,19117.1,April,2017
2,4,2018-04-01,0.5462,42126.71,23009.61,19117.1,April,2018
2,4,2017-05-01,0.5462,46937.81,25637.43,21300.38,May,2017
2,4,2018-05-01,0.5462,46937.81,25637.43,21300.38,May,2018
2,4,2017-06-01,0.5462,42489.21,23207.61,19281.6,June,2017
2,4,2018-06-01,0.5462,42489.21,23207.61,19281.6,June,2018
2,4,2017-07-01,0.5462,44622.56,24372.84,20249.72,July,2017
2,4,2018-07-01,0.5462,44622.56,24372.84,20249.72,July,2018
2,4,2017-08-01,0.5462,41455.34,22642.91,18812.43,August,2017
2,4,2018-08-01,0.5462,41455.34,22642.91,18812.43,August,2018
2,4,2017-09-01,0.5462,47951.76,26191.25,21760.51,September,2017
2,4,2018-09-01,0.5462,47951.76,26191.25,21760.51,September,2018
2,4,2017-10-01,0.5462,45280.89,24732.42,20548.47,October,2017
2,4,2018-10-01,0.5462,45280.89,24732.42,20548.47,October,2018
2,4,2017-11-01,0.5462,43463.55,23739.79,19723.76,November,2017
2,4,2018-11-01,0.5462,43463.55,23739.79,19723.76,November,2018
2,4,2017-12-01,0.5462,43703.76,23870.99,19832.77,December,2017
2,4,2018-12-01,0.5462,43703.76,23870.99,19832.77,December,2018
2,4,2017-01-01,0.5462,536042.64,292786.49,243256.15,January,2017
2,4,2018-01-01,0.5462,536042.64,292786.49,243256.15,January,2018
